============================================================
Sweep Summary for: UartedFFT
run  fft    width  binpt  pipeline           arch       max(MHz) wns(ns)  luts     ffs    dsps   time(s)
--------------------------------------------------------------------------------------------------------
1    4      8      4      C:T,B1:T,B2:T      GS         222,816  5,512    293      532    0      138,245
2    4      16     4      C:T,B1:T,B2:T      GS         224,266  5,541    515      982    0      76,862
3    4      32     4      C:T,B1:T,B2:T      GS         178,317  4,392    934      1880   0      77,751
5    4      16     8      C:T,B1:T,B2:T      GS         213,311  5,312    513      982    0      77,007
6    4      32     8      C:T,B1:T,B2:T      GS         178,221  4,389    932      1880   0      77,028
9    4      32     16     C:T,B1:T,B2:T      GS         158,831  3,704    959      1880   0      77,482
10   4      8      4      C:F,B1:T,B2:T      GS         241,955  5,867    261      532    0      74,204
11   4      16     4      C:F,B1:T,B2:T      GS         199,362  4,984    451      982    0      75,062
12   4      32     4      C:F,B1:T,B2:T      GS         181,455  4,489    806      1880   0      79,238
14   4      16     8      C:F,B1:T,B2:T      GS         200,521  5,013    449      982    0      75,273
15   4      32     8      C:F,B1:T,B2:T      GS         164,258  3,912    804      1880   0      80,897
18   4      32     16     C:F,B1:T,B2:T      GS         166,945  4,010    830      1880   0      76,455
19   4      8      4      C:T,B1:T,B2:T      CT         225,530  5,566    261      660    0      74,634
20   4      16     4      C:T,B1:T,B2:T      CT         227,946  5,613    451      1238   0      75,711
21   4      32     4      C:T,B1:T,B2:T      CT         190,331  4,746    807      2392   0      77,327
23   4      16     8      C:T,B1:T,B2:T      CT         214,362  5,335    449      1238   0      73,830
24   4      32     8      C:T,B1:T,B2:T      CT         184,604  4,583    805      2392   0      81,451
27   4      32     16     C:T,B1:T,B2:T      CT         157,332  3,644    831      2392   0      76,860
28   4      8      4      C:F,B1:T,B2:T      CT         218,627  5,426    261      532    0      74,459
29   4      16     4      C:F,B1:T,B2:T      CT         220,946  5,474    451      982    0      74,105
30   4      32     4      C:F,B1:T,B2:T      CT         185,736  4,616    806      1880   0      77,390
32   4      16     8      C:F,B1:T,B2:T      CT         223,464  5,525    449      982    0      75,438
33   4      32     8      C:F,B1:T,B2:T      CT         176,929  4,348    804      1880   0      77,073
36   4      32     16     C:F,B1:T,B2:T      CT         156,055  3,592    831      1880   0      76,964
37   4      8      4      C:T,B1:T,B2:F      GS         224,517  5,546    261      532    0      75,941
38   4      16     4      C:T,B1:T,B2:F      GS         199,760  4,994    451      982    0      76,148
39   4      32     4      C:T,B1:T,B2:F      GS         168,379  4,061    806      1880   0      78,281
41   4      16     8      C:T,B1:T,B2:F      GS         186,185  4,629    449      982    0      76,324
42   4      32     8      C:T,B1:T,B2:F      GS         164,636  3,926    804      1880   0      78,757
45   4      32     16     C:T,B1:T,B2:F      GS         162,311  3,839    830      1880   0      77,336
46   4      8      4      C:F,B1:T,B2:F      GS         243,072  5,886    255      403    0      74,142
47   4      16     4      C:F,B1:T,B2:F      GS         174,338  4,264    448      725    0      77,046
48   4      32     4      C:F,B1:T,B2:F      GS         150,173  3,341    805      1367   0      82,126
50   4      16     8      C:F,B1:T,B2:F      GS         178,412  4,395    446      725    0      75,807
51   4      32     8      C:F,B1:T,B2:F      GS         151,035  3,379    804      1367   0      77,983
54   4      32     16     C:F,B1:T,B2:F      GS         130,548  2,340    829      1367   0      77,433
55   4      8      4      C:T,B1:T,B2:F      CT         223,664  5,529    261      532    0      73,995
56   4      16     4      C:T,B1:T,B2:F      CT         158,103  3,675    451      982    0      76,401
57   4      32     4      C:T,B1:T,B2:F      CT         156,519  3,611    806      1880   0      81,653
59   4      16     8      C:T,B1:T,B2:F      CT         156,470  3,609    449      982    0      77,532
60   4      32     8      C:T,B1:T,B2:F      CT         140,135  2,864    804      1880   0      77,066
63   4      32     16     C:T,B1:T,B2:F      CT         128,966  2,246    830      1880   0      77,711
64   4      8      4      C:F,B1:T,B2:F      CT         230,044  5,653    258      403    0      73,544
65   4      16     4      C:F,B1:T,B2:F      CT         170,619  4,139    448      725    0      74,348
66   4      32     4      C:F,B1:T,B2:F      CT         152,602  3,447    805      1367   0      77,353
68   4      16     8      C:F,B1:T,B2:F      CT         152,369  3,437    446      725    0      74,954
69   4      32     8      C:F,B1:T,B2:F      CT         141,965  2,956    803      1367   0      89,834
72   4      32     16     C:F,B1:T,B2:F      CT         123,655  1,913    830      1367   0      76,781
73   4      8      4      C:T,B1:F,B2:T      GS         227,790  5,610    262      532    0      73,389
74   4      16     4      C:T,B1:F,B2:T      GS         174,186  4,259    451      982    0      75,679
75   4      32     4      C:T,B1:F,B2:T      GS         159,058  3,713    806      1880   0      77,688
77   4      16     8      C:T,B1:F,B2:T      GS         163,827  3,896    449      982    0      75,600
78   4      32     8      C:T,B1:F,B2:T      GS         140,706  2,893    804      1880   0      78,708
81   4      32     16     C:T,B1:F,B2:T      GS         125,047  2,003    830      1880   0      76,928
82   4      8      4      C:F,B1:F,B2:T      GS         200,481  5,012    259      403    0      73,873
83   4      16     4      C:F,B1:F,B2:T      GS         171,939  4,184    448      725    0      75,669
84   4      32     4      C:F,B1:F,B2:T      GS         151,378  3,394    805      1367   0      78,080
86   4      16     8      C:F,B1:F,B2:T      GS         160,643  3,775    446      725    0      75,669
87   4      32     8      C:F,B1:F,B2:T      GS         142,572  2,986    804      1367   0      77,067
90   4      32     16     C:F,B1:F,B2:T      GS         130,022  2,309    829      1367   0      77,658
91   4      8      4      C:T,B1:F,B2:T      CT         242,895  5,883    261      532    0      74,518
92   4      16     4      C:T,B1:F,B2:T      CT         183,184  4,541    451      982    0      75,073
93   4      32     4      C:T,B1:F,B2:T      CT         184,026  4,566    806      1880   0      79,557
95   4      16     8      C:T,B1:F,B2:T      CT         219,539  5,445    449      982    0      78,334
96   4      32     8      C:T,B1:F,B2:T      CT         184,400  4,577    804      1880   0      80,470
99   4      32     16     C:T,B1:F,B2:T      CT         161,394  3,804    831      1880   0      79,031
100  4      8      4      C:F,B1:F,B2:T      CT         243,072  5,886    255      403    0      75,230
101  4      16     4      C:F,B1:F,B2:T      CT         176,025  4,319    448      725    0      76,791
102  4      32     4      C:F,B1:F,B2:T      CT         161,212  3,797    805      1367   0      77,528
104  4      16     8      C:F,B1:F,B2:T      CT         178,412  4,395    446      725    0      78,005
105  4      32     8      C:F,B1:F,B2:T      CT         156,961  3,629    803      1367   0      76,741
108  4      32     16     C:F,B1:F,B2:T      CT         132,696  2,464    829      1367   0      77,371
109  4      8      4      C:T,B1:F,B2:F      GS         190,767  4,758    259      403    0      73,264
110  4      16     4      C:T,B1:F,B2:F      GS         171,939  4,184    448      725    0      75,035
111  4      32     4      C:T,B1:F,B2:F      GS         151,378  3,394    805      1367   0      77,511
113  4      16     8      C:T,B1:F,B2:F      GS         160,643  3,775    446      725    0      74,696
114  4      32     8      C:T,B1:F,B2:F      GS         142,572  2,986    804      1367   0      77,720
117  4      32     16     C:T,B1:F,B2:F      GS         130,022  2,309    829      1367   0      77,021
118  4      8      4      C:F,B1:F,B2:F      GS         207,987  5,192    253      272    0      75,078
119  4      16     4      C:F,B1:F,B2:F      GS         137,608  2,733    445      466    0      75,943
120  4      32     4      C:F,B1:F,B2:F      GS         124,938  1,996    802      852    0      76,767
122  4      16     8      C:F,B1:F,B2:F      GS         126,759  2,111    443      466    0      75,914
123  4      32     8      C:F,B1:F,B2:F      GS         118,991  1,596    800      852    0      80,903
126  4      32     16     C:F,B1:F,B2:F      GS         107,631  0,709    825      852    0      78,928
127  4      8      4      C:T,B1:F,B2:F      CT         213,174  5,309    258      403    0      73,688
128  4      16     4      C:T,B1:F,B2:F      CT         162,840  3,859    448      725    0      76,710
129  4      32     4      C:T,B1:F,B2:F      CT         142,207  2,968    805      1367   0      77,826
131  4      16     8      C:T,B1:F,B2:F      CT         150,898  3,373    446      725    0      74,932
132  4      32     8      C:T,B1:F,B2:F      CT         140,135  2,864    803      1367   0      76,707
135  4      32     16     C:T,B1:F,B2:F      CT         120,337  1,690    829      1367   0      76,569
136  4      8      4      C:F,B1:F,B2:F      CT         210,482  5,249    253      272    0      73,537
137  4      16     4      C:F,B1:F,B2:F      CT         139,159  2,814    445      466    0      75,327
138  4      32     4      C:F,B1:F,B2:F      CT         118,329  1,549    802      852    0      76,591
140  4      16     8      C:F,B1:F,B2:F      CT         129,584  2,283    443      466    0      75,200
141  4      32     8      C:F,B1:F,B2:F      CT         124,378  1,960    800      852    0      78,269
144  4      32     16     C:F,B1:F,B2:F      CT         108,743  0,804    825      852    0      77,102
145  8      8      4      C:T,B1:T,B2:T      GS         144,509  3,080    784      1367   0      77,521
146  8      16     4      C:T,B1:T,B2:T      GS         126,390  2,088    1552     2649   0      81,567
147  8      32     4      C:T,B1:T,B2:T      GS         100,462  0,046    2909     4967   48     96,384
149  8      16     8      C:T,B1:T,B2:T      GS         150,512  3,356    1230     2521   7      83,411
150  8      32     8      C:T,B1:T,B2:T      GS         99,226   -0,078   3129     4991   48     98,489
153  8      32     16     C:T,B1:T,B2:T      GS         97,276   -0,280   3245     4955   64     101,638
154  8      8      4      C:F,B1:T,B2:T      GS         141,004  2,908    720      1238   0      77,701
155  8      16     4      C:F,B1:T,B2:T      GS         130,702  2,349    1423     2392   0      81,300
156  8      32     4      C:F,B1:T,B2:T      GS         100,482  0,048    2653     4454   48     98,733
158  8      16     8      C:F,B1:T,B2:T      GS         150,444  3,353    1100     2264   7      81,257
159  8      32     8      C:F,B1:T,B2:T      GS         96,395   -0,374   2872     4478   48     97,950
162  8      32     16     C:F,B1:T,B2:T      GS         97,752   -0,230   2989     4442   64     99,830
163  8      8      4      C:T,B1:T,B2:T      CT         144,655  3,087    720      1623   0      79,221
164  8      16     4      C:T,B1:T,B2:T      CT         129,500  2,278    1424     3161   0      80,240
165  8      32     4      C:T,B1:T,B2:T      CT         101,276  0,126    2653     5991   48     95,319
167  8      16     8      C:T,B1:T,B2:T      CT         147,319  3,212    1102     3033   7      82,617
168  8      32     8      C:T,B1:T,B2:T      CT         98,309   -0,172   2873     6015   48     97,282
171  8      32     16     C:T,B1:T,B2:T      CT         92,456   -0,816   2988     5979   64     101,773
172  8      8      4      C:F,B1:T,B2:T      CT         144,404  3,075    720      1238   0      78,585
173  8      16     4      C:F,B1:T,B2:T      CT         134,789  2,581    1423     2392   0      79,696
174  8      32     4      C:F,B1:T,B2:T      CT         101,225  0,121    2653     4454   48     93,381
176  8      16     8      C:F,B1:T,B2:T      CT         149,098  3,293    1100     2264   7      82,468
177  8      32     8      C:F,B1:T,B2:T      CT         101,709  0,168    2873     4478   48     96,096
180  8      32     16     C:F,B1:T,B2:T      CT         96,880   -0,322   2989     4442   64     98,871
181  8      8      4      C:T,B1:T,B2:F      GS         137,212  2,712    720      1238   0      80,445
182  8      16     4      C:T,B1:T,B2:F      GS         128,982  2,247    1423     2392   0      80,635
183  8      32     4      C:T,B1:T,B2:F      GS         98,010   -0,203   2653     4454   48     96,504
185  8      16     8      C:T,B1:T,B2:F      GS         150,444  3,353    1100     2264   7      79,815
186  8      32     8      C:T,B1:T,B2:F      GS         100,180  0,018    2873     4478   48     96,396
189  8      32     16     C:T,B1:T,B2:F      GS         93,800   -0,661   2989     4442   64     100,557
190  8      8      4      C:F,B1:T,B2:F      GS         126,534  2,097    708      853    0      78,069
191  8      16     4      C:F,B1:T,B2:F      GS         109,111  0,835    1421     1623   0      78,800
192  8      32     4      C:F,B1:T,B2:F      GS         86,304   -1,587   2650     2917   48     95,702
194  8      16     8      C:F,B1:T,B2:F      GS         108,731  0,803    1098     1559   7      82,538
195  8      32     8      C:F,B1:T,B2:F      GS         84,019   -1,902   2870     2941   48     95,059
198  8      32     16     C:F,B1:T,B2:F      GS         81,900   -2,210   2986     2905   64     99,800
199  8      8      4      C:T,B1:T,B2:F      CT         117,647  1,500    720      1238   0      78,972
200  8      16     4      C:T,B1:T,B2:F      CT         105,152  0,490    1422     2392   0      80,655
201  8      32     4      C:T,B1:T,B2:F      CT         70,636   -4,157   2653     4698   48     102,416
203  8      16     8      C:T,B1:T,B2:F      CT         100,980  0,097    1101     2328   7      86,069
204  8      32     8      C:T,B1:T,B2:F      CT         69,262   -4,438   2873     4698   48     101,002
207  8      32     16     C:T,B1:T,B2:F      CT         68,847   -4,525   2989     4698   64     111,207
208  8      8      4      C:F,B1:T,B2:F      CT         115,075  1,310    717      853    0      78,336
209  8      16     4      C:F,B1:T,B2:F      CT         107,043  0,658    1421     1623   0      79,589
210  8      32     4      C:F,B1:T,B2:F      CT         74,256   -3,467   2650     3161   48     103,173
212  8      16     8      C:F,B1:T,B2:F      CT         101,071  0,106    1099     1559   7      82,832
213  8      32     8      C:F,B1:T,B2:F      CT         71,114   -4,062   2870     3161   48     101,377
216  8      32     16     C:F,B1:T,B2:F      CT         70,497   -4,185   2986     3161   64     108,408
217  8      8      4      C:T,B1:F,B2:T      GS         115,115  1,313    723      1238   0      79,110
218  8      16     4      C:T,B1:F,B2:T      GS         109,529  0,870    1423     2392   0      81,004
219  8      32     4      C:T,B1:F,B2:T      GS         73,921   -3,528   2653     4698   48     99,448
221  8      16     8      C:T,B1:F,B2:T      GS         101,989  0,195    1101     2328   7      84,235
222  8      32     8      C:T,B1:F,B2:T      GS         73,681   -3,572   2873     4698   48     108,055
225  8      32     16     C:T,B1:F,B2:T      GS         68,367   -4,627   2989     4698   64     109,697
226  8      8      4      C:F,B1:F,B2:T      GS         120,656  1,712    720      853    0      76,670
227  8      16     4      C:F,B1:F,B2:T      GS         106,146  0,579    1421     1623   0      81,184
228  8      32     4      C:F,B1:F,B2:T      GS         76,283   -3,109   2650     3161   48     100,566
230  8      16     8      C:F,B1:F,B2:T      GS         102,124  0,208    1100     1559   7      84,370
231  8      32     8      C:F,B1:F,B2:T      GS         68,185   -4,666   2870     3161   48     99,715
234  8      32     16     C:F,B1:F,B2:T      GS         72,380   -3,816   2985     3161   64     105,522
235  8      8      4      C:T,B1:F,B2:T      CT         144,342  3,072    720      1238   0      76,613
236  8      16     4      C:T,B1:F,B2:T      CT         127,943  2,184    1423     2392   0      79,375
237  8      32     4      C:T,B1:F,B2:T      CT         97,857   -0,219   2653     4454   48     96,561
239  8      16     8      C:T,B1:F,B2:T      CT         150,331  3,348    1100     2264   7      81,492
240  8      32     8      C:T,B1:F,B2:T      CT         99,305   -0,070   2873     4478   48     97,094
243  8      32     16     C:T,B1:F,B2:T      CT         97,031   -0,306   2989     4442   64     102,702
244  8      8      4      C:F,B1:F,B2:T      CT         121,300  1,756    708      853    0      79,150
245  8      16     4      C:F,B1:F,B2:T      CT         108,155  0,754    1421     1623   0      79,264
246  8      32     4      C:F,B1:F,B2:T      CT         83,271   -2,009   2650     2917   48     96,395
248  8      16     8      C:F,B1:F,B2:T      CT         113,289  1,173    1099     1559   7      81,100
249  8      32     8      C:F,B1:F,B2:T      CT         85,852   -1,648   2870     2941   48     96,195
252  8      32     16     C:F,B1:F,B2:T      CT         84,246   -1,870   2986     2919   64     104,850
253  8      8      4      C:T,B1:F,B2:F      GS         121,433  1,765    720      853    0      78,030
254  8      16     4      C:T,B1:F,B2:F      GS         106,146  0,579    1421     1623   0      79,333
255  8      32     4      C:T,B1:F,B2:F      GS         76,283   -3,109   2650     3161   48     102,230
257  8      16     8      C:T,B1:F,B2:F      GS         101,163  0,115    1099     1559   7      85,424
258  8      32     8      C:T,B1:F,B2:F      GS         76,558   -3,062   2870     3161   48     99,586
261  8      32     16     C:T,B1:F,B2:F      GS         72,380   -3,816   2985     3161   64     106,028
262  8      8      4      C:F,B1:F,B2:F      GS         90,269   -1,078   705      466    0      84,830
263  8      16     4      C:F,B1:F,B2:F      GS         72,301   -3,831   1419     852    0      86,244
264  8      32     4      C:F,B1:F,B2:F      GS         52,173   -9,167   2648     1622   48     98,175
266  8      16     8      C:F,B1:F,B2:F      GS         60,412   -6,553   1096     852    7      84,566
267  8      32     8      C:F,B1:F,B2:F      GS         49,480   -10,210  2868     1622   48     102,071
270  8      32     16     C:F,B1:F,B2:F      GS         46,501   -11,505  2984     1622   64     105,418
271  8      8      4      C:T,B1:F,B2:F      CT         119,360  1,622    717      853    0      78,574
272  8      16     4      C:T,B1:F,B2:F      CT         105,385  0,511    1421     1623   0      78,665
273  8      32     4      C:T,B1:F,B2:F      CT         71,367   -4,012   2650     3161   48     100,622
275  8      16     8      C:T,B1:F,B2:F      CT         99,920   -0,008   1099     1559   7      82,714
276  8      32     8      C:T,B1:F,B2:F      CT         72,448   -3,803   2870     3161   48     102,087
279  8      32     16     C:T,B1:F,B2:F      CT         68,325   -4,636   2986     3161   64     105,853
280  8      8      4      C:F,B1:F,B2:F      CT         89,896   -1,124   705      466    0      82,685
281  8      16     4      C:F,B1:F,B2:F      CT         76,098   -3,141   1418     852    0      86,361
282  8      32     4      C:F,B1:F,B2:F      CT         52,129   -9,183   2648     1622   48     100,693
284  8      16     8      C:F,B1:F,B2:F      CT         57,448   -7,407   1096     852    7      85,753
285  8      32     8      C:F,B1:F,B2:F      CT         50,256   -9,898   2867     1622   48     101,050
288  8      32     16     C:F,B1:F,B2:F      CT         47,279   -11,151  2984     1622   64     106,192
289  16     8      4      C:T,B1:T,B2:T      GS         139,451  2,829    2196     3417   0      86,896
290  16     16     4      C:T,B1:T,B2:T      GS         130,907  2,361    3550     6235   32     94,918
291  16     32     4      C:T,B1:T,B2:T      GS         69,334   -4,423   15277    13409  16     198,674
293  16     16     8      C:T,B1:T,B2:T      GS         122,249  1,820    2905     5979   46     96,692
294  16     32     8      C:T,B1:T,B2:T      GS         67,787   -4,752   16841    13408  17     198,881
297  16     32     16     C:T,B1:T,B2:T      GS         66,002   -5,151   17454    13408  14     205,640
298  16     8      4      C:F,B1:T,B2:T      GS         136,724  2,686    2067     2905   0      84,105
299  16     16     4      C:F,B1:T,B2:T      GS         111,794  1,055    3294     5211   32     92,420
300  16     32     4      C:F,B1:T,B2:T      GS         70,363   -4,212   14731    11361  16     177,485
302  16     16     8      C:F,B1:T,B2:T      GS         126,695  2,107    2650     4955   46     93,610
303  16     32     8      C:F,B1:T,B2:T      GS         68,535   -4,591   16350    11360  17     194,955
306  16     32     16     C:F,B1:T,B2:T      GS         67,245   -4,871   16956    11360  14     194,581
307  16     8      4      C:T,B1:T,B2:T      CT         139,218  2,817    2068     3929   0      89,504
308  16     16     4      C:T,B1:T,B2:T      CT         125,865  2,055    3293     7259   32     97,778
309  16     32     4      C:T,B1:T,B2:T      CT         70,862   -4,112   14764    15457  16     199,276
311  16     16     8      C:T,B1:T,B2:T      CT         148,346  3,259    2649     7003   46     96,109
312  16     32     8      C:T,B1:T,B2:T      CT         69,066   -4,479   16340    15456  17     205,188
315  16     32     16     C:T,B1:T,B2:T      CT         65,634   -5,236   16945    15456  14     209,822
316  16     8      4      C:F,B1:T,B2:T      CT         142,653  2,990    2067     2905   0      84,993
317  16     16     4      C:F,B1:T,B2:T      CT         128,172  2,198    3294     5211   32     93,682
318  16     32     4      C:F,B1:T,B2:T      CT         68,199   -4,663   14725    11361  16     177,417
320  16     16     8      C:F,B1:T,B2:T      CT         119,560  1,636    2650     4955   46     94,244
321  16     32     8      C:F,B1:T,B2:T      CT         70,562   -4,172   16357    11360  17     196,235
324  16     32     16     C:F,B1:T,B2:T      CT         64,842   -5,422   16961    11360  14     200,610
325  16     8      4      C:T,B1:T,B2:F      GS         137,912  2,749    2068     2905   0      85,337
326  16     16     4      C:T,B1:T,B2:F      GS         126,406  2,089    3294     5211   32     93,404
327  16     32     4      C:T,B1:T,B2:F      GS         69,935   -4,299   14768    11361  16     182,401
329  16     16     8      C:T,B1:T,B2:F      GS         133,743  2,523    2650     4955   46     94,234
330  16     32     8      C:T,B1:T,B2:F      GS         69,396   -4,410   16337    11360  17     188,165
333  16     32     16     C:T,B1:T,B2:F      GS         67,326   -4,853   16937    11360  14     201,265
334  16     8      4      C:F,B1:T,B2:F      GS         113,921  1,222    2044     1880   0      84,285
335  16     16     4      C:F,B1:T,B2:F      GS         105,274  0,501    3293     3418   32     92,740
336  16     32     4      C:F,B1:T,B2:F      GS         62,096   -6,104   14711    7264   16     189,894
338  16     16     8      C:F,B1:T,B2:F      GS         97,437   -0,263   2649     3354   46     97,389
339  16     32     8      C:F,B1:T,B2:F      GS         63,179   -5,828   16307    7263   17     201,484
342  16     32     16     C:F,B1:T,B2:F      GS         57,172   -7,491   16781    7280   14     207,063
343  16     8      4      C:T,B1:T,B2:F      CT         114,982  1,303    2066     2905   0      85,927
344  16     16     4      C:T,B1:T,B2:F      CT         101,533  0,151    3294     5467   32     96,645
345  16     32     4      C:T,B1:T,B2:F      CT         62,783   -5,928   14752    11361  16     187,828
347  16     16     8      C:T,B1:T,B2:F      CT         97,656   -0,240   2650     5339   46     102,775
348  16     32     8      C:T,B1:T,B2:F      CT         62,201   -6,077   16402    11360  17     195,423
351  16     32     16     C:T,B1:T,B2:F      CT         57,917   -7,266   17090    11360  14     214,214
352  16     8      4      C:F,B1:T,B2:F      CT         112,969  1,148    2065     1880   0      84,683
353  16     16     4      C:F,B1:T,B2:F      CT         99,711   -0,029   3293     3418   32     97,484
354  16     32     4      C:F,B1:T,B2:F      CT         63,984   -5,629   14725    7264   16     190,618
356  16     16     8      C:F,B1:T,B2:F      CT         95,465   -0,475   2649     3290   46     96,037
357  16     32     8      C:F,B1:T,B2:F      CT         61,017   -6,389   16413    7263   17     187,646
360  16     32     16     C:F,B1:T,B2:F      CT         59,794   -6,724   17092    7263   14     210,432
361  16     8      4      C:T,B1:F,B2:T      GS         114,587  1,273    2075     2905   0      86,589
362  16     16     4      C:T,B1:F,B2:T      GS         101,112  0,110    3294     5467   32     97,599
363  16     32     4      C:T,B1:F,B2:T      GS         62,496   -6,001   14772    11361  16     181,883
365  16     16     8      C:T,B1:F,B2:T      GS         99,334   -0,067   2650     5339   46     99,735
366  16     32     8      C:T,B1:F,B2:T      GS         61,286   -6,317   16390    11360  17     202,050
369  16     32     16     C:T,B1:F,B2:T      GS         59,407   -6,833   17078    11360  14     206,715
370  16     8      4      C:F,B1:F,B2:T      GS         115,221  1,321    2072     1880   0      84,337
371  16     16     4      C:F,B1:F,B2:T      GS         103,659  0,353    3293     3418   32     93,507
372  16     32     4      C:F,B1:F,B2:T      GS         63,131   -5,840   14734    7264   16     172,713
374  16     16     8      C:F,B1:F,B2:T      GS         98,377   -0,165   2649     3290   46     97,646
375  16     32     8      C:F,B1:F,B2:T      GS         60,525   -6,522   16401    7263   17     202,315
379  16     8      4      C:T,B1:F,B2:T      CT         134,300  2,554    2068     2905   0      85,291
380  16     16     4      C:T,B1:F,B2:T      CT         127,730  2,171    3293     5211   32     93,298
381  16     32     4      C:T,B1:F,B2:T      CT         71,347   -4,016   14762    11361  16     191,806
383  16     16     8      C:T,B1:F,B2:T      CT         128,601  2,224    2650     4955   46     94,642
384  16     32     8      C:T,B1:F,B2:T      CT         69,740   -4,339   16337    11360  17     195,378
387  16     32     16     C:T,B1:F,B2:T      CT         67,195   -4,882   16945    11360  14     211,170
388  16     8      4      C:F,B1:F,B2:T      CT         117,055  1,457    2044     1880   0      84,678
389  16     16     4      C:F,B1:F,B2:T      CT         101,585  0,156    3293     3562   32     101,546
390  16     32     4      C:F,B1:F,B2:T      CT         63,910   -5,647   14691    7298   16     180,477
392  16     16     8      C:F,B1:F,B2:T      CT         99,069   -0,094   2649     3466   46     100,840
393  16     32     8      C:F,B1:F,B2:T      CT         61,433   -6,278   16346    7297   17     187,654
396  16     32     16     C:F,B1:F,B2:T      CT         58,319   -7,147   16867    7365   14     199,239
397  16     8      4      C:T,B1:F,B2:F      GS         115,808  1,365    2072     1880   0      85,645
398  16     16     4      C:T,B1:F,B2:F      GS         102,438  0,238    3293     3418   32     95,463
399  16     32     4      C:T,B1:F,B2:F      GS         64,066   -5,609   14767    7264   16     186,514
401  16     16     8      C:T,B1:F,B2:F      GS         96,871   -0,323   2649     3290   46     97,223
402  16     32     8      C:T,B1:F,B2:F      GS         60,698   -6,475   16387    7263   17     183,858
405  16     32     16     C:T,B1:F,B2:F      GS         60,750   -6,461   17098    7263   14     223,562
406  16     8      4      C:F,B1:F,B2:F      GS         58,150   -7,197   2039     852    0      93,223
407  16     16     4      C:F,B1:F,B2:F      GS         42,635   -13,455  3287     1622   32     98,775
410  16     16     8      C:F,B1:F,B2:F      GS         37,305   -16,806  2644     1622   46     98,433
411  16     32     8      C:F,B1:F,B2:F      GS         28,284   -25,356  16162    3163   17     196,264
415  16     8      4      C:T,B1:F,B2:F      CT         112,271  1,093    2065     1880   0      84,223
416  16     16     4      C:T,B1:F,B2:F      CT         101,163  0,115    3293     3418   32     94,051
417  16     32     4      C:T,B1:F,B2:F      CT         61,973   -6,136   14756    7264   16     177,863
419  16     16     8      C:T,B1:F,B2:F      CT         99,910   -0,009   2649     3290   46     96,676
420  16     32     8      C:T,B1:F,B2:F      CT         61,065   -6,376   16406    7263   17     189,320
423  16     32     16     C:T,B1:F,B2:F      CT         57,981   -7,247   17067    7263   14     215,302
424  16     8      4      C:F,B1:F,B2:F      CT         58,163   -7,193   2039     852    0      93,233
425  16     16     4      C:F,B1:F,B2:F      CT         43,298   -13,096  3288     1622   32     99,443
426  16     32     4      C:F,B1:F,B2:F      CT         30,070   -23,256  14419    3164   16     174,544
428  16     16     8      C:F,B1:F,B2:F      CT         37,824   -16,438  2644     1622   46     96,934
429  16     32     8      C:F,B1:F,B2:F      CT         28,386   -25,229  16134    3163   17     192,438
432  16     32     16     C:F,B1:F,B2:F      CT         26,190   -28,183  16819    3163   14     203,692
433  32     8      4      C:T,B1:T,B2:T      GS         106,746  0,632    6627     8283   0      105,488
434  32     16     4      C:T,B1:T,B2:T      GS         106,033  0,569    10065    15457  64     130,724
437  32     16     8      C:T,B1:T,B2:T      GS         101,348  0,133    11205    15216  77     142,634
442  32     8      4      C:F,B1:T,B2:T      GS         107,933  0,735    6371     6747   0      103,690
443  32     16     4      C:F,B1:T,B2:T      GS         105,009  0,477    9553     12385  64     124,669
446  32     16     8      C:F,B1:T,B2:T      GS         101,564  0,154    10696    12144  77     133,963
451  32     8      4      C:T,B1:T,B2:T      CT         105,977  0,564    6369     9307   0      106,425
452  32     16     4      C:T,B1:T,B2:T      CT         105,130  0,488    9553     17505  64     132,676
455  32     16     8      C:T,B1:T,B2:T      CT         102,575  0,251    10694    17264  77     145,071
460  32     8      4      C:F,B1:T,B2:T      CT         110,448  0,946    6370     6747   0      102,624
461  32     16     4      C:F,B1:T,B2:T      CT         104,537  0,434    9552     12385  64     123,283
464  32     16     8      C:F,B1:T,B2:T      CT         101,605  0,158    10698    12144  77     136,213
469  32     8      4      C:T,B1:T,B2:F      GS         112,020  1,073    6371     6747   0      104,534
470  32     16     4      C:T,B1:T,B2:F      GS         103,778  0,364    9552     12385  64     123,556
473  32     16     8      C:T,B1:T,B2:F      GS         101,153  0,114    10695    12144  77     135,132
478  32     8      4      C:F,B1:T,B2:F      GS         104,965  0,473    6328     4186   0      100,669
479  32     16     4      C:F,B1:T,B2:F      GS         96,441   -0,369   9552     7984   64     134,418
482  32     16     8      C:F,B1:T,B2:F      GS         90,074   -1,102   10813    8143   77     162,828
487  32     8      4      C:T,B1:T,B2:F      CT         104,112  0,395    6361     6747   0      110,039
488  32     16     4      C:T,B1:T,B2:F      CT         100,634  0,063    9552     12897  64     137,673
491  32     16     8      C:T,B1:T,B2:F      CT         96,956   -0,314   10690    12672  77     153,269
496  32     8      4      C:F,B1:T,B2:F      CT         101,792  0,176    6363     4186   0      112,500
497  32     16     4      C:F,B1:T,B2:F      CT         98,386   -0,164   9551     7776   64     130,214
500  32     16     8      C:F,B1:T,B2:F      CT         89,397   -1,186   10719    7551   77     143,497
505  32     8      4      C:T,B1:F,B2:T      GS         105,430  0,515    6378     6747   0      103,966
506  32     16     4      C:T,B1:F,B2:T      GS         101,410  0,139    9553     12897  64     133,890
509  32     16     8      C:T,B1:F,B2:T      GS         99,275   -0,073   10695    12672  77     159,280
514  32     8      4      C:F,B1:F,B2:T      GS         106,986  0,653    6377     4186   0      101,346
515  32     16     4      C:F,B1:F,B2:T      GS         99,039   -0,097   9552     7776   64     131,302
518  32     16     8      C:F,B1:F,B2:T      GS         95,465   -0,475   10706    7551   77     156,377
523  32     8      4      C:T,B1:F,B2:T      CT         107,101  0,663    6369     6747   0      102,664
524  32     16     4      C:T,B1:F,B2:T      CT         101,999  0,196    9552     12385  64     127,018
527  32     16     8      C:T,B1:F,B2:T      CT         101,410  0,139    10695    12144  77     135,405
532  32     8      4      C:F,B1:F,B2:T      CT         104,341  0,416    6326     4186   0      105,153
533  32     16     4      C:F,B1:F,B2:T      CT         99,840   -0,016   9551     7984   64     136,796
536  32     16     8      C:F,B1:F,B2:T      CT         89,928   -1,120   10783    8383   77     163,683
541  32     8      4      C:T,B1:F,B2:F      GS         102,965  0,288    6377     4186   0      101,082
542  32     16     4      C:T,B1:F,B2:F      GS         95,621   -0,458   9552     7776   64     132,675
545  32     16     8      C:T,B1:F,B2:F      GS         93,888   -0,651   10741    7551   77     154,109
550  32     8      4      C:F,B1:F,B2:F      GS         42,998   -13,257  6344     1622   0      123,551
551  32     16     4      C:F,B1:F,B2:F      GS         32,526   -20,745  9548     3164   64     151,397
554  32     16     8      C:F,B1:F,B2:F      GS         28,015   -25,695  10943    3163   77     168,337
559  32     8      4      C:T,B1:F,B2:F      CT         104,450  0,426    6362     4186   0      103,876
560  32     16     4      C:T,B1:F,B2:F      CT         100,050  0,005    9551     7776   64     128,730
563  32     16     8      C:T,B1:F,B2:F      CT         95,039   -0,522   10708    7551   77     145,891
568  32     8      4      C:F,B1:F,B2:F      CT         43,817   -12,822  6358     1622   0      124,995
569  32     16     4      C:F,B1:F,B2:F      CT         32,351   -20,911  9548     3164   64     148,394
572  32     16     8      C:F,B1:F,B2:F      CT         28,484   -25,107  10936    3163   77     171,750

